(mosdt violent)

3.418 Hz

dwm>
dwm> les
dwm> [000072.210 INF] loc_data: 1
 0) 8D85[0.59,0.81,0.03,84,x04]

[000072.310 INF] loc_data: 1
 0) 8D85[0.57,0.84,0.11,58,x04]

[000072.410 INF] loc_data: 1
 0) 8D85[0.58,0.82,0.03,87,x04]

[000072.510 INF] loc_data: 1
 0) 8D85[0.57,0.83,0.12,59,x04]

[000072.610 INF] loc_data: 1
 0) 8D85[0.57,0.82,0.12,92,x04]

[000072.710 INF] loc_data: 1
 0) 8D85[0.56,0.84,0.20,55,x04]

[000072.810 INF] loc_data: 1
 0) 8D85[0.58,0.81,0.09,88,x04]

[000072.910 INF] loc_data: 1
 0) 8D85[0.58,0.81,0.12,84,x04]

[000073.010 INF] loc_data: 1
 0) 8D85[0.59,0.82,0.20,61,x04]

[000073.110 INF] loc_data: 1
 0) 8D85[0.57,0.84,0.24,62,x04]

[000073.220 INF] loc_data: 1
 0) 8D85[0.58,0.82,0.20,94,x04]

[000073.320 INF] loc_data: 1
 0) 8D85[0.56,0.85,0.25,55,x04]

[000073.420 INF] loc_data: 1
 0) 8D85[0.56,0.85,0.29,61,x04]

[000073.520 INF] loc_data: 1
 0) 8D85[0.57,0.85,0.32,60,x04]

[000073.620 INF] loc_data: 1
 0) 8D85[0.59,0.82,0.19,91,x04]

[000073.720 INF] loc_data: 1
 0) 8D85[0.60,0.80,0.07,79,x04]

[000073.820 INF] loc_data: 1
 0) 8D85[0.59,0.81,0.09,83,x04]

[000073.920 INF] loc_data: 1
 0) 8D85[0.60,0.81,0.07,97,x04]

[000074.020 INF] loc_data: 1
 0) 8D85[0.63,0.77,-0.05,65,x04]

[000074.120 INF] loc_data: 1
 0) 8D85[0.64,0.76,-0.09,91,x04]

[000074.220 INF] loc_data: 1
 0) 8D85[0.62,0.79,0.03,60,x04]

[000074.320 INF] loc_data: 1
 0) 8D85[0.60,0.82,0.12,61,x04]

[000074.420 INF] loc_data: 1
 0) 8D85[0.61,0.80,0.04,89,x04]

[000074.520 INF] loc_data: 1
 0) 8D85[0.59,0.82,0.14,56,x04]

[000074.620 INF] loc_data: 1
 0) 8D85[0.61,0.79,0.05,89,x04]

[000074.720 INF] loc_data: 1
 0) 8D85[0.59,0.83,0.12,60,x04]

[000074.820 INF] loc_data: 1
 0) 8D85[0.58,0.83,0.20,58,x04]

[000074.920 INF] loc_data: 1
 0) 8D85[0.57,0.84,0.25,60,x04]

[000075.020 INF] loc_data: 1
 0) 8D85[0.58,0.83,0.26,79,x04]

[000075.120 INF] loc_data: 1
 0) 8D85[0.61,0.79,0.09,67,x04]

[000075.220 INF] loc_data: 1
 0) 8D85[0.61,0.78,0.11,90,x04]

[000075.320 INF] loc_data: 1
 0) 8D85[0.62,0.78,0.13,91,x04]

[000075.420 INF] loc_data: 1
 0) 8D85[0.63,0.77,0.03,84,x04]

[000075.520 INF] loc_data: 1
 0) 8D85[0.62,0.79,0.12,62,x04]

[000075.620 INF] loc_data: 1
 0) 8D85[0.61,0.80,0.13,89,x04]

[000075.720 INF] loc_data: 1
 0) 8D85[0.60,0.81,0.20,58,x04]

[000075.820 INF] loc_data: 1
 0) 8D85[0.61,0.81,0.25,69,x04]

[000075.920 INF] loc_data: 1
 0) 8D85[0.62,0.79,0.13,89,x04]

[000076.020 INF] loc_data: 1
 0) 8D85[0.63,0.77,0.02,80,x04]

[000076.120 INF] loc_data: 1
 0) 8D85[0.63,0.77,-0.02,92,x04]

[000076.220 INF] loc_data: 1
 0) 8D85[0.60,0.80,0.07,61,x04]

[000076.320 INF] loc_data: 1
 0) 8D85[0.60,0.81,0.09,89,x04]

[000076.420 INF] loc_data: 1
 0) 8D85[0.57,0.82,0.16,60,x04]

[000076.520 INF] loc_data: 1
 0) 8D85[0.56,0.85,0.22,58,x04]

[000076.620 INF] loc_data: 1
 0) 8D85[0.55,0.86,0.27,54,x04]

[000076.720 INF] loc_data: 1
 0) 8D85[0.54,0.87,0.30,57,x04]

[000076.820 INF] loc_data: 1
 0) 8D85[0.55,0.86,0.26,89,x04]

[000076.920 INF] loc_data: 1
 0) 8D85[0.58,0.82,0.13,87,x04]

[000077.020 INF] loc_data: 1
 0) 8D85[0.58,0.83,0.20,63,x04]

[000077.120 INF] loc_data: 1
 0) 8D85[0.56,0.84,0.24,61,x04]

[000077.220 INF] loc_data: 1
 0) 8D85[0.57,0.84,0.29,59,x04]

[000077.320 INF] loc_data: 1
 0) 8D85[0.58,0.84,0.31,67,x04]

[000077.420 INF] loc_data: 1
 0) 8D85[0.60,0.81,0.16,84,x04]

[000077.520 INF] loc_data: 1
 0) 8D85[0.63,0.78,0.08,92,x04]

[000077.620 INF] loc_data: 1
 0) 8D85[0.61,0.79,0.17,60,x04]

[000077.720 INF] loc_data: 1
 0) 8D85[0.61,0.80,0.19,83,x04]

[000077.820 INF] loc_data: 1
 0) 8D85[0.62,0.78,0.09,90,x04]

[000077.920 INF] loc_data: 1
 0) 8D85[0.59,0.80,0.16,61,x04]

[000078.020 INF] loc_data: 1
 0) 8D85[0.61,0.78,0.06,87,x04]

[000078.120 INF] loc_data: 1
 0) 8D85[0.62,0.78,-0.01,86,x04]

[000078.230 INF] loc_data: 1
 0) 8D85[0.63,0.78,-0.06,87,x04]

[000078.330 INF] loc_data: 1
 0) 8D85[0.62,0.79,-0.02,92,x04]

[000078.430 INF] loc_data: 1
 0) 8D85[0.64,0.77,-0.12,67,x04]

[000078.530 INF] loc_data: 1
 0) 8D85[0.65,0.76,-0.12,95,x04]

[000078.630 INF] loc_data: 1
 0) 8D85[0.62,0.79,0.00,65,x04]

[000078.730 INF] loc_data: 1
 0) 8D85[0.63,0.78,0.07,81,x04]

[000078.830 INF] loc_data: 1
 0) 8D85[0.61,0.80,0.15,61,x04]

[000078.930 INF] loc_data: 1
 0) 8D85[0.59,0.80,0.13,92,x04]

[000079.030 INF] loc_data: 1
 0) 8D85[0.60,0.78,0.04,86,x04]

[000079.130 INF] loc_data: 1
 0) 8D85[0.57,0.83,0.13,51,x04]

[000079.230 INF] loc_data: 1
 0) 8D85[0.56,0.84,0.20,55,x04]

[000079.330 INF] loc_data: 1
 0) 8D85[0.59,0.82,0.09,84,x04]

[000079.430 INF] loc_data: 1
 0) 8D85[0.60,0.80,-0.00,82,x04]

[000079.530 INF] loc_data: 1
 0) 8D85[0.58,0.83,0.10,57,x04]

[000079.630 INF] loc_data: 1
 0) 8D85[0.60,0.82,0.03,89,x04]

[000079.730 INF] loc_data: 1
 0) 8D85[0.57,0.84,0.11,60,x04]

[000079.830 INF] loc_data: 1
 0) 8D85[0.57,0.83,0.14,82,x04]

[000079.930 INF] loc_data: 1
 0) 8D85[0.55,0.85,0.20,57,x04]

[000080.030 INF] loc_data: 1
 0) 8D85[0.57,0.84,0.19,92,x04]

[000080.130 INF] loc_data: 1
 0) 8D85[0.55,0.87,0.23,58,x04]

[000080.230 INF] loc_data: 1
 0) 8D85[0.57,0.85,0.11,87,x04]

[000080.330 INF] loc_data: 1
 0) 8D85[0.55,0.86,0.19,53,x04]

[000080.430 INF] loc_data: 1
 0) 8D85[0.58,0.82,0.05,71,x04]

[000080.530 INF] loc_data: 1
 0) 8D85[0.58,0.81,0.10,80,x04]

[000080.630 INF] loc_data: 1
 0) 8D85[0.57,0.83,0.18,57,x04]

[000080.730 INF] loc_data: 1
 0) 8D85[0.58,0.82,0.09,89,x04]

[000080.830 INF] loc_data: 1
 0) 8D85[0.56,0.84,0.16,58,x04]

[000080.930 INF] loc_data: 1
 0) 8D85[0.57,0.84,0.23,59,x04]

[000081.030 INF] loc_data: 1
 0) 8D85[0.59,0.83,0.09,76,x04]

[000081.130 INF] loc_data: 1
 0) 8D85[0.61,0.80,-0.04,64,x04]

[000081.230 INF] loc_data: 1
 0) 8D85[0.61,0.79,0.02,90,x04]

[000081.330 INF] loc_data: 1
 0) 8D85[0.61,0.81,0.11,62,x04]

[000081.430 INF] loc_data: 1
 0) 8D85[0.62,0.79,0.07,97,x04]

[000081.530 INF] loc_data: 1
 0) 8D85[0.60,0.82,0.15,56,x04]

[000081.630 INF] loc_data: 1
 0) 8D85[0.59,0.82,0.18,80,x04]

[000081.730 INF] loc_data: 1
 0) 8D85[0.58,0.82,0.23,65,x04]

[000081.830 INF] loc_data: 1
 0) 8D85[0.60,0.81,0.06,63,x04]

[000081.930 INF] loc_data: 1
 0) 8D85[0.62,0.78,-0.06,67,x04]

[000082.030 INF] loc_data: 1
 0) 8D85[0.61,0.79,-0.01,89,x04]

[000082.130 INF] loc_data: 1
 0) 8D85[0.63,0.77,-0.05,91,x04]

[000082.230 INF] loc_data: 1
 0) 8D85[0.62,0.78,0.03,80,x04]

[000082.330 INF] loc_data: 1
 0) 8D85[0.64,0.76,-0.05,81,x04]

[000082.430 INF] loc_data: 1
 0) 8D85[0.62,0.78,0.03,78,x04]

[000082.530 INF] loc_data: 1
 0) 8D85[0.60,0.81,0.12,56,x04]

[000082.630 INF] loc_data: 1
 0) 8D85[0.60,0.80,0.08,96,x04]

[000082.730 INF] loc_data: 1
 0) 8D85[0.62,0.77,-0.05,65,x04]

[000082.830 INF] loc_data: 1
 0) 8D85[0.59,0.82,0.06,54,x04]

[000082.930 INF] loc_data: 1
 0) 8D85[0.59,0.82,0.10,83,x04]

[000083.030 INF] loc_data: 1
 0) 8D85[0.61,0.80,0.02,89,x04]

[000083.130 INF] loc_data: 1
 0) 8D85[0.62,0.78,-0.03,90,x04]

[000083.230 INF] loc_data: 1
 0) 8D85[0.59,0.80,0.07,64,x04]

[000083.340 INF] loc_data: 1
 0) 8D85[0.58,0.82,0.15,61,x04]

[000083.440 INF] loc_data: 1
 0) 8D85[0.59,0.81,0.16,87,x04]

[000083.540 INF] loc_data: 1
 0) 8D85[0.61,0.80,0.06,86,x04]

[000083.640 INF] loc_data: 1
 0) 8D85[0.59,0.82,0.10,81,x04]

[000083.740 INF] loc_data: 1
 0) 8D85[0.57,0.83,0.16,63,x04]

[000083.840 INF] loc_data: 1
 0) 8D85[0.59,0.81,0.07,89,x04]

[000083.940 INF] loc_data: 1
 0) 8D85[0.60,0.80,0.10,90,x04]

[000084.040 INF] loc_data: 1
 0) 8D85[0.63,0.77,0.02,88,x04]

[000084.140 INF] loc_data: 1
 0) 8D85[0.60,0.79,0.12,57,x04]

[000084.240 INF] loc_data: 1
 0) 8D85[0.59,0.82,0.19,57,x04]

[000084.340 INF] loc_data: 1
 0) 8D85[0.61,0.80,0.08,86,x04]

[000084.440 INF] loc_data: 1
 0) 8D85[0.58,0.81,0.17,55,x04]

[000084.540 INF] loc_data: 1
 0) 8D85[0.57,0.83,0.23,59,x04]

[000084.640 INF] loc_data: 1
 0) 8D85[0.56,0.83,0.27,61,x04]

[000084.740 INF] loc_data: 1
 0) 8D85[0.57,0.82,0.26,84,x04]

[000084.840 INF] loc_data: 1
 0) 8D85[0.58,0.80,0.17,94,x04]

[000084.940 INF] loc_data: 1
 0) 8D85[0.58,0.82,0.22,64,x04]

[000085.040 INF] loc_data: 1
 0) 8D85[0.60,0.78,0.10,84,x04]

[000085.140 INF] loc_data: 1
 0) 8D85[0.62,0.78,0.01,85,x04]

[000085.240 INF] loc_data: 1
 0) 8D85[0.64,0.75,-0.10,66,x04]

[000085.340 INF] loc_data: 1
 0) 8D85[0.64,0.76,-0.13,85,x04]

[000085.440 INF] loc_data: 1
 0) 8D85[0.65,0.74,-0.17,83,x04]

[000085.540 INF] loc_data: 1
 0) 8D85[0.65,0.76,-0.07,85,x04]

[000085.640 INF] loc_data: 1
 0) 8D85[0.61,0.78,0.05,60,x04]

[000085.740 INF] loc_data: 1
 0) 8D85[0.62,0.77,-0.03,84,x04]

[000085.840 INF] loc_data: 1
 0) 8D85[0.61,0.78,-0.00,93,x04]

[000085.940 INF] loc_data: 1
 0) 8D85[0.58,0.82,0.08,61,x04]

[000086.040 INF] loc_data: 1
 0) 8D85[0.57,0.84,0.16,57,x04]

[000086.140 INF] loc_data: 1
 0) 8D85[0.56,0.86,0.22,58,x04]

[000086.240 INF] loc_data: 1
 0) 8D85[0.58,0.84,0.10,82,x04]

[000086.340 INF] loc_data: 1
 0) 8D85[0.57,0.83,0.18,61,x04]

[000086.440 INF] loc_data: 1
 0) 8D85[0.57,0.84,0.23,64,x04]

[000086.540 INF] loc_data: 1
 0) 8D85[0.59,0.81,0.11,85,x04]

[000086.640 INF] loc_data: 1
 0) 8D85[0.58,0.81,0.19,60,x04]

[000086.740 INF] loc_data: 1
 0) 8D85[0.60,0.80,0.06,78,x04]

[000086.840 INF] loc_data: 1
 0) 8D85[0.62,0.78,-0.06,64,x04]

[000086.940 INF] loc_data: 1
 0) 8D85[0.60,0.80,0.05,62,x04]

[000087.040 INF] loc_data: 1
 0) 8D85[0.60,0.79,-0.01,86,x04]

[000087.140 INF] loc_data: 1
 0) 8D85[0.62,0.77,-0.08,81,x04]

[000087.240 INF] loc_data: 1
 0) 8D85[0.60,0.79,0.04,59,x04]

[000087.340 INF] loc_data: 1
 0) 8D85[0.61,0.79,0.08,88,x04]

[000087.440 INF] loc_data: 1
 0) 8D85[0.58,0.80,0.15,65,x04]

[000087.540 INF] loc_data: 1
 0) 8D85[0.61,0.78,0.05,86,x04]

[000087.640 INF] loc_data: 1
 0) 8D85[0.62,0.77,-0.03,81,x04]

[000087.740 INF] loc_data: 1
 0) 8D85[0.63,0.76,-0.08,86,x04]

[000087.840 INF] loc_data: 1
 0) 8D85[0.60,0.78,0.04,60,x04]

[000087.940 INF] loc_data: 1
 0) 8D85[0.57,0.80,0.14,53,x04]

[000088.040 INF] loc_data: 1
 0) 8D85[0.58,0.81,0.21,59,x04]

[000088.140 INF] loc_data: 1
 0) 8D85[0.58,0.81,0.22,81,x04]

[000088.240 INF] loc_data: 1
 0) 8D85[0.56,0.83,0.26,58,x04]

[000088.350 INF] loc_data: 1
 0) 8D85[0.56,0.84,0.30,60,x04]

[000088.450 INF] loc_data: 1
 0) 8D85[0.56,0.84,0.33,59,x04]

[000088.550 INF] loc_data: 1
 0) 8D85[0.58,0.81,0.18,83,x04]

[000088.650 INF] loc_data: 1
 0) 8D85[0.61,0.78,0.08,90,x04]

[000088.750 INF] loc_data: 1
 0) 8D85[0.62,0.77,0.01,89,x04]

[000088.850 INF] loc_data: 1
 0) 8D85[0.65,0.76,-0.10,63,x04]

[000088.950 INF] loc_data: 1
 0) 8D85[0.62,0.79,0.02,62,x04]

[000089.050 INF] loc_data: 1
 0) 8D85[0.59,0.81,0.12,55,x04]

[000089.150 INF] loc_data: 1
 0) 8D85[0.57,0.83,0.19,56,x04]

[000089.250 INF] loc_data: 1
 0) 8D85[0.59,0.81,0.08,84,x04]

[000089.350 INF] loc_data: 1
 0) 8D85[0.58,0.82,0.10,86,x04]

[000089.450 INF] loc_data: 1
 0) 8D85[0.59,0.83,0.11,86,x04]

[000089.550 INF] loc_data: 1
 0) 8D85[0.62,0.80,0.04,91,x04]

[000089.650 INF] loc_data: 1
 0) 8D85[0.61,0.81,0.07,85,x04]

[000089.750 INF] loc_data: 1
 0) 8D85[0.58,0.83,0.16,55,x04]

[000089.850 INF] loc_data: 1
 0) 8D85[0.58,0.83,0.16,87,x04]

[000089.950 INF] loc_data: 1
 0) 8D85[0.59,0.82,0.17,89,x04]

[000090.050 INF] loc_data: 1
 0) 8D85[0.61,0.81,0.09,94,x04]

[000090.150 INF] loc_data: 1
 0) 8D85[0.59,0.83,0.18,54,x04]

[000090.250 INF] loc_data: 1
 0) 8D85[0.58,0.83,0.24,60,x04]

[000090.350 INF] loc_data: 1
 0) 8D85[0.60,0.80,0.11,81,x04]

[000090.450 INF] loc_data: 1
 0) 8D85[0.60,0.81,0.18,62,x04]

[000090.550 INF] loc_data: 1
 0) 8D85[0.62,0.79,0.07,82,x04]

[000090.650 INF] loc_data: 1
 0) 8D85[0.62,0.79,0.11,84,x04]

[000090.750 INF] loc_data: 1
 0) 8D85[0.63,0.80,0.14,84,x04]

[000090.850 INF] loc_data: 1
 0) 8D85[0.62,0.79,0.05,86,x04]

[000090.950 INF] loc_data: 1
 0) 8D85[0.60,0.82,0.14,56,x04]

[000091.050 INF] loc_data: 1
 0) 8D85[0.60,0.81,0.19,75,x04]

[000091.150 INF] loc_data: 1
 0) 8D85[0.61,0.80,0.09,89,x04]

[000091.250 INF] loc_data: 1
 0) 8D85[0.63,0.79,0.01,89,x04]

[000091.350 INF] loc_data: 1
 0) 8D85[0.59,0.82,0.12,51,x04]

[000091.450 INF] loc_data: 1
 0) 8D85[0.59,0.83,0.10,91,x04]

[000091.550 INF] loc_data: 1
 0) 8D85[0.61,0.80,0.01,83,x04]

[000091.650 INF] loc_data: 1
 0) 8D85[0.59,0.82,0.06,78,x04]

[000091.750 INF] loc_data: 1
 0) 8D85[0.59,0.82,0.10,82,x04]

[000091.850 INF] loc_data: 1
 0) 8D85[0.58,0.84,0.12,83,x04]

[000091.950 INF] loc_data: 1
 0) 8D85[0.58,0.83,0.19,62,x04]

[000092.050 INF] loc_data: 1
 0) 8D85[0.57,0.86,0.25,54,x04]

[000092.150 INF] loc_data: 1
 0) 8D85[0.58,0.84,0.24,87,x04]

[000092.250 INF] loc_data: 1
 0) 8D85[0.58,0.83,0.24,80,x04]

[000092.350 INF] loc_data: 1
 0) 8D85[0.58,0.81,0.23,88,x04]

[000092.450 INF] loc_data: 1
 0) 8D85[0.59,0.82,0.28,60,x04]

[000092.550 INF] loc_data: 1
 0) 8D85[0.59,0.81,0.25,91,x04]

[000092.650 INF] loc_data: 1
 0) 8D85[0.60,0.82,0.29,61,x04]

[000092.750 INF] loc_data: 1
 0) 8D85[0.59,0.81,0.33,62,x04]

[000092.850 INF] loc_data: 1
 0) 8D85[0.58,0.82,0.33,64,x04]

[000092.950 INF] loc_data: 1
 0) 8D85[0.57,0.82,0.36,60,x04]

[000093.050 INF] loc_data: 1
 0) 8D85[0.58,0.80,0.33,86,x04]

[000093.150 INF] loc_data: 1
 0) 8D85[0.60,0.79,0.18,83,x04]

[000093.250 INF] loc_data: 1
 0) 8D85[0.62,0.79,0.22,75,x04]

[000093.360 INF] loc_data: 1
 0) 8D85[0.60,0.81,0.26,61,x04]

[000093.460 INF] loc_data: 1
 0) 8D85[0.59,0.82,0.30,60,x04]

[000093.560 INF] loc_data: 1
 0) 8D85[0.62,0.78,0.13,69,x04]

[000093.660 INF] loc_data: 1
 0) 8D85[0.60,0.81,0.20,56,x04]

[000093.760 INF] loc_data: 1
 0) 8D85[0.60,0.81,0.19,90,x04]

[000093.860 INF] loc_data: 1
 0) 8D85[0.58,0.83,0.24,56,x04]

[000093.960 INF] loc_data: 1
 0) 8D85[0.56,0.85,0.27,60,x04]

[000094.060 INF] loc_data: 1
 0) 8D85[0.57,0.84,0.29,69,x04]

[000094.160 INF] loc_data: 1
 0) 8D85[0.57,0.84,0.33,59,x04]

[000094.260 INF] loc_data: 1
 0) 8D85[0.58,0.83,0.31,80,x04]

[000094.360 INF] loc_data: 1
 0) 8D85[0.57,0.85,0.34,54,x04]

[000094.460 INF] loc_data: 1
 0) 8D85[0.57,0.85,0.36,61,x04]

[000094.560 INF] loc_data: 1
 0) 8D85[0.59,0.82,0.20,81,x04]

[000094.660 INF] loc_data: 1
 0) 8D85[0.58,0.84,0.25,53,x04]

[000094.760 INF] loc_data: 1
 0) 8D85[0.60,0.82,0.08,62,x04]

[000094.860 INF] loc_data: 1
 0) 8D85[0.59,0.83,0.14,69,x04]

[000094.960 INF] loc_data: 1
 0) 8D85[0.60,0.82,0.02,73,x04]

[000095.060 INF] loc_data: 1
 0) 8D85[0.59,0.83,0.13,57,x04]

[000095.160 INF] loc_data: 1
 0) 8D85[0.56,0.85,0.19,59,x04]

[000095.260 INF] loc_data: 1
 0) 8D85[0.56,0.84,0.14,93,x04]

[000095.360 INF] loc_data: 1
 0) 8D85[0.58,0.82,0.07,93,x04]

[000095.460 INF] loc_data: 1
 0) 8D85[0.55,0.84,0.16,54,x04]

[000095.560 INF] loc_data: 1
 0) 8D85[0.58,0.82,0.08,94,x04]

[000095.660 INF] loc_data: 1
 0) 8D85[0.61,0.80,-0.00,84,x04]

[000095.760 INF] loc_data: 1
 0) 8D85[0.60,0.82,0.09,62,x04]

[000095.860 INF] loc_data: 1
 0) 8D85[0.58,0.83,0.17,62,x04]

[000095.960 INF] loc_data: 1
 0) 8D85[0.58,0.82,0.18,85,x04]

[000096.060 INF] loc_data: 1
 0) 8D85[0.61,0.79,0.07,86,x04]

[000096.160 INF] loc_data: 1
 0) 8D85[0.59,0.81,0.15,58,x04]

[000096.260 INF] loc_data: 1
 0) 8D85[0.61,0.80,0.18,86,x04]

[000096.360 INF] loc_data: 1
 0) 8D85[0.58,0.83,0.22,59,x04]

[000096.460 INF] loc_data: 1
 0) 8D85[0.58,0.82,0.23,81,x04]

[000096.560 INF] loc_data: 1
 0) 8D85[0.60,0.80,0.06,63,x04]

[000096.660 INF] loc_data: 1
 0) 8D85[0.61,0.79,0.02,94,x04]

[000096.760 INF] loc_data: 1
 0) 8D85[0.61,0.79,0.07,83,x04]

[000096.860 INF] loc_data: 1
 0) 8D85[0.60,0.81,0.16,55,x04]

[000096.960 INF] loc_data: 1
 0) 8D85[0.61,0.79,0.06,86,x04]

[000097.060 INF] loc_data: 1
 0) 8D85[0.61,0.79,-0.01,86,x04]

[000097.160 INF] loc_data: 1
 0) 8D85[0.62,0.79,-0.05,90,x04]

[000097.260 INF] loc_data: 1
 0) 8D85[0.61,0.80,0.07,61,x04]

[000097.360 INF] loc_data: 1
 0) 8D85[0.63,0.78,-0.00,90,x04]

[000097.460 INF] loc_data: 1
 0) 8D85[0.64,0.76,-0.06,86,x04]

[000097.560 INF] loc_data: 1
 0) 8D85[0.62,0.78,0.06,60,x04]

[000097.660 INF] loc_data: 1
 0) 8D85[0.61,0.79,0.11,82,x04]

[000097.760 INF] loc_data: 1
 0) 8D85[0.59,0.82,0.18,53,x04]

[000097.860 INF] loc_data: 1
 0) 8D85[0.60,0.79,0.09,89,x04]

[000097.960 INF] loc_data: 1
 0) 8D85[0.58,0.81,0.17,57,x04]

[000098.060 INF] loc_data: 1
 0) 8D85[0.58,0.82,0.23,57,x04]

[000098.160 INF] loc_data: 1
 0) 8D85[0.55,0.85,0.28,52,x04]

[000098.260 INF] loc_data: 1
 0) 8D85[0.54,0.86,0.30,58,x04]

[000098.370 INF] loc_data: 1
 0) 8D85[0.53,0.88,0.32,58,x04]

[000098.470 INF] loc_data: 1
 0) 8D85[0.57,0.84,0.16,80,x04]

[000098.570 INF] loc_data: 1
 0) 8D85[0.54,0.84,0.21,60,x04]

[000098.670 INF] loc_data: 1
 0) 8D85[0.57,0.82,0.14,97,x04]

[000098.770 INF] loc_data: 1
 0) 8D85[0.59,0.80,-0.00,63,x04]

[000098.870 INF] loc_data: 1
 0) 8D85[0.61,0.79,-0.09,74,x04]

[000098.970 INF] loc_data: 1
 0) 8D85[0.62,0.78,-0.17,64,x04]

[000099.070 INF] loc_data: 1
 0) 8D85[0.63,0.78,-0.15,96,x04]

[000099.170 INF] loc_data: 1
 0) 8D85[0.63,0.78,-0.15,92,x04]

[000099.270 INF] loc_data: 1
 0) 8D85[0.61,0.82,-0.01,55,x04]

[000099.370 INF] loc_data: 1
 0) 8D85[0.59,0.84,0.09,57,x04]

[000099.470 INF] loc_data: 1
 0) 8D85[0.59,0.85,0.17,61,x04]

[000099.570 INF] loc_data: 1
 0) 8D85[0.59,0.86,0.22,64,x04]

[000099.670 INF] loc_data: 1
 0) 8D85[0.57,0.87,0.27,55,x04]

[000099.770 INF] loc_data: 1
 0) 8D85[0.60,0.82,0.09,64,x04]

[000099.870 INF] loc_data: 1
 0) 8D85[0.58,0.83,0.17,61,x04]

[000099.970 INF] loc_data: 1
 0) 8D85[0.60,0.81,0.08,89,x04]

[000100.070 INF] loc_data: 1
 0) 8D85[0.59,0.81,0.16,61,x04]

[000100.170 INF] loc_data: 1
 0) 8D85[0.59,0.81,0.17,88,x04]

[000100.270 INF] loc_data: 1
 0) 8D85[0.58,0.82,0.23,58,x04]

[000100.370 INF] loc_data: 1
 0) 8D85[0.56,0.82,0.26,63,x04]

[000100.470 INF] loc_data: 1
 0) 8D85[0.59,0.78,0.15,91,x04]

[000100.570 INF] loc_data: 1
 0) 8D85[0.60,0.78,0.05,85,x04]

[000100.670 INF] loc_data: 1
 0) 8D85[0.60,0.78,0.08,89,x04]

[000100.770 INF] loc_data: 1
 0) 8D85[0.62,0.77,-0.00,84,x04]

[000100.870 INF] loc_data: 1
 0) 8D85[0.60,0.79,0.11,57,x04]

[000100.970 INF] loc_data: 1
 0) 8D85[0.58,0.82,0.17,61,x04]

[000101.070 INF] loc_data: 1
 0) 8D85[0.60,0.80,0.02,64,x04]

[000101.170 INF] loc_data: 1
 0) 8D85[0.59,0.81,0.13,56,x04]

[000101.270 INF] loc_data: 1
 0) 8D85[0.59,0.80,0.04,86,x04]

[000101.370 INF] loc_data: 1
 0) 8D85[0.55,0.83,0.13,52,x04]

[000101.470 INF] loc_data: 1
 0) 8D85[0.57,0.84,0.02,76,x04]

[000101.570 INF] loc_data: 1
 0) 8D85[0.58,0.84,0.05,89,x04]

[000101.670 INF] loc_data: 1
 0) 8D85[0.56,0.86,0.12,60,x04]

[000101.770 INF] loc_data: 1
 0) 8D85[0.56,0.84,0.12,91,x04]

[000101.870 INF] loc_data: 1
 0) 8D85[0.56,0.82,0.15,86,x04]

[000101.970 INF] loc_data: 1
 0) 8D85[0.55,0.84,0.21,55,x04]

[000102.070 INF] loc_data: 1
 0) 8D85[0.55,0.85,0.26,61,x04]

[000102.170 INF] loc_data: 1
 0) 8D85[0.54,0.87,0.29,56,x04]

[000102.270 INF] loc_data: 1
 0) 8D85[0.56,0.85,0.30,76,x04]

[000102.370 INF] loc_data: 1
 0) 8D85[0.60,0.81,0.19,94,x04]

[000102.470 INF] loc_data: 1
 0) 8D85[0.58,0.84,0.23,59,x04]

[000102.570 INF] loc_data: 1
 0) 8D85[0.61,0.80,0.11,85,x04]

[000102.670 INF] loc_data: 1
 0) 8D85[0.63,0.78,-0.03,63,x04]

[000102.770 INF] loc_data: 1
 0) 8D85[0.61,0.79,0.03,81,x04]

[000102.870 INF] loc_data: 1
 0) 8D85[0.60,0.79,0.12,63,x04]

[000102.970 INF] loc_data: 1
 0) 8D85[0.63,0.77,-0.01,64,x04]

[000103.070 INF] loc_data: 1
 0) 8D85[0.60,0.80,0.10,53,x04]

[000103.170 INF] loc_data: 1
 0) 8D85[0.63,0.77,-0.03,64,x04]

[000103.280 INF] loc_data: 1
 0) 8D85[0.64,0.75,-0.13,69,x04]

[000103.380 INF] loc_data: 1
 0) 8D85[0.65,0.73,-0.15,89,x04]

[000103.480 INF] loc_data: 1
 0) 8D85[0.65,0.72,-0.21,69,x04]

[000103.580 INF] loc_data: 1
 0) 8D85[0.62,0.76,-0.05,56,x04]

[000103.680 INF] loc_data: 1
 0) 8D85[0.62,0.76,0.01,89,x04]

[000103.780 INF] loc_data: 1
 0) 8D85[0.61,0.78,0.07,80,x04]

[000103.880 INF] loc_data: 1
 0) 8D85[0.59,0.81,0.15,59,x04]

[000103.980 INF] loc_data: 1
 0) 8D85[0.61,0.78,0.03,76,x04]

[000104.080 INF] loc_data: 1
 0) 8D85[0.63,0.79,-0.05,80,x04]

[000104.180 INF] loc_data: 1
 0) 8D85[0.60,0.81,0.06,59,x04]

[000104.280 INF] loc_data: 1
 0) 8D85[0.62,0.79,-0.02,82,x04]

[000104.380 INF] loc_data: 1
 0) 8D85[0.59,0.81,0.09,55,x04]

[000104.480 INF] loc_data: 1
 0) 8D85[0.60,0.80,0.03,94,x04]

[000104.580 INF] loc_data: 1
 0) 8D85[0.57,0.83,0.10,60,x04]

[000104.680 INF] loc_data: 1
 0) 8D85[0.60,0.80,-0.03,63,x04]

[000104.780 INF] loc_data: 1
 0) 8D85[0.61,0.79,-0.09,84,x04]

[000104.880 INF] loc_data: 1
 0) 8D85[0.61,0.79,0.01,77,x04]

[000104.980 INF] loc_data: 1
 0) 8D85[0.60,0.79,0.04,90,x04]

[000105.080 INF] loc_data: 1
 0) 8D85[0.62,0.79,0.12,71,x04]

[000105.180 INF] loc_data: 1
 0) 8D85[0.63,0.78,0.05,94,x04]

[000105.280 INF] loc_data: 1
 0) 8D85[0.63,0.77,-0.02,85,x04]

[000105.380 INF] loc_data: 1
 0) 8D85[0.59,0.80,0.07,59,x04]

[000105.480 INF] loc_data: 1
 0) 8D85[0.60,0.81,0.13,75,x04]

[000105.580 INF] loc_data: 1
 0) 8D85[0.58,0.82,0.18,70,x04]

[000105.680 INF] loc_data: 1
 0) 8D85[0.57,0.84,0.24,54,x04]

[000105.780 INF] loc_data: 1
 0) 8D85[0.58,0.81,0.13,90,x04]

[000105.880 INF] loc_data: 1
 0) 8D85[0.61,0.79,0.05,89,x04]

[000105.980 INF] loc_data: 1
 0) 8D85[0.62,0.78,-0.07,63,x04]

[000106.080 INF] loc_data: 1
 0) 8D85[0.59,0.81,0.03,62,x04]

[000106.180 INF] loc_data: 1
 0) 8D85[0.57,0.83,0.12,57,x04]

[000106.280 INF] loc_data: 1
 0) 8D85[0.59,0.81,0.04,88,x04]

[000106.380 INF] loc_data: 1
 0) 8D85[0.59,0.80,0.07,90,x04]

[000106.480 INF] loc_data: 1
 0) 8D85[0.57,0.77,0.08,94,x04]

[000106.580 INF] loc_data: 1
 0) 8D85[0.59,0.77,0.00,85,x04]

[000106.680 INF] loc_data: 1
 0) 8D85[0.59,0.78,0.07,79,x04]

[000106.780 INF] loc_data: 1
 0) 8D85[0.60,0.76,-0.01,85,x04]

[000106.880 INF] loc_data: 1
 0) 8D85[0.58,0.80,0.08,60,x04]

[000106.980 INF] loc_data: 1
 0) 8D85[0.57,0.81,0.11,82,x04]

[000107.080 INF] loc_data: 1
 0) 8D85[0.60,0.81,0.15,80,x04]

[000107.180 INF] loc_data: 1
 0) 8D85[0.59,0.81,0.15,87,x04]

[000107.280 INF] loc_data: 1
 0) 8D85[0.57,0.83,0.22,56,x04]

[000107.380 INF] loc_data: 1
 0) 8D85[0.55,0.85,0.26,58,x04]

[000107.480 INF] loc_data: 1
 0) 8D85[0.55,0.87,0.30,55,x04]

[000107.580 INF] loc_data: 1
 0) 8D85[0.54,0.88,0.32,56,x04]

[000107.680 INF] loc_data: 1
 0) 8D85[0.53,0.89,0.34,55,x04]

[000107.780 INF] loc_data: 1
 0) 8D85[0.57,0.86,0.16,70,x04]

[000107.880 INF] loc_data: 1
 0) 8D85[0.55,0.86,0.22,55,x04]

[000107.980 INF] loc_data: 1
 0) 8D85[0.56,0.86,0.27,61,x04]

[000108.080 INF] loc_data: 1
 0) 8D85[0.58,0.84,0.13,79,x04]

[000108.180 INF] loc_data: 1
 0) 8D85[0.57,0.85,0.20,60,x04]

[000108.280 INF] loc_data: 1
 0) 8D85[0.60,0.82,0.09,86,x04]

[000108.390 INF] loc_data: 1
 0) 8D85[0.59,0.82,0.10,90,x04]

[000108.490 INF] loc_data: 1
 0) 8D85[0.56,0.83,0.17,60,x04]

[000108.590 INF] loc_data: 1
 0) 8D85[0.59,0.80,0.06,85,x04]

[000108.690 INF] loc_data: 1
 0) 8D85[0.59,0.79,-0.01,85,x04]

[000108.790 INF] loc_data: 1
 0) 8D85[0.58,0.80,0.09,62,x04]

[000108.890 INF] loc_data: 1
 0) 8D85[0.59,0.80,0.14,78,x04]

[000108.990 INF] loc_data: 1
 0) 8D85[0.61,0.77,-0.00,64,x04]

[000109.090 INF] loc_data: 1
 0) 8D85[0.61,0.79,0.05,84,x04]

[000109.190 INF] loc_data: 1
 0) 8D85[0.63,0.76,-0.02,87,x04]

[000109.290 INF] loc_data: 1
 0) 8D85[0.64,0.77,-0.12,64,x04]

[000109.390 INF] loc_data: 1
 0) 8D85[0.64,0.76,-0.15,85,x04]

[000109.490 INF] loc_data: 1
 0) 8D85[0.62,0.78,-0.01,58,x04]

[000109.590 INF] loc_data: 1
 0) 8D85[0.64,0.77,-0.11,66,x04]

[000109.690 INF] loc_data: 1
 0) 8D85[0.62,0.78,0.02,62,x04]

[000109.790 INF] loc_data: 1
 0) 8D85[0.62,0.77,-0.05,83,x04]

[000109.890 INF] loc_data: 1
 0) 8D85[0.61,0.78,-0.01,92,x04]

[000109.990 INF] loc_data: 1
 0) 8D85[0.61,0.78,0.02,92,x04]

[000110.090 INF] loc_data: 1
 0) 8D85[0.62,0.77,0.08,86,x04]

[000110.190 INF] loc_data: 1
 0) 8D85[0.63,0.77,-0.05,62,x04]

[000110.290 INF] loc_data: 1
 0) 8D85[0.61,0.79,0.07,58,x04]

[000110.390 INF] loc_data: 1
 0) 8D85[0.61,0.80,0.10,85,x04]

[000110.490 INF] loc_data: 1
 0) 8D85[0.59,0.80,0.19,58,x04]

[000110.590 INF] loc_data: 1
 0) 8D85[0.61,0.78,0.08,89,x04]

[000110.690 INF] loc_data: 1
 0) 8D85[0.62,0.77,0.02,91,x04]

[000110.790 INF] loc_data: 1
 0) 8D85[0.63,0.76,-0.04,89,x04]

[000110.890 INF] loc_data: 1
 0) 8D85[0.60,0.78,0.08,57,x04]

[000110.990 INF] loc_data: 1
 0) 8D85[0.58,0.82,0.16,51,x04]

[000111.090 INF] loc_data: 1
 0) 8D85[0.57,0.83,0.22,61,x04]

[000111.190 INF] loc_data: 1
 0) 8D85[0.57,0.82,0.23,82,x04]

[000111.290 INF] loc_data: 1
 0) 8D85[0.58,0.84,0.28,56,x04]

[000111.390 INF] loc_data: 1
 0) 8D85[0.57,0.84,0.31,61,x04]

[000111.490 INF] loc_data: 1
 0) 8D85[0.60,0.81,0.14,72,x04]

[000111.590 INF] loc_data: 1
 0) 8D85[0.61,0.79,0.03,81,x04]

[000111.690 INF] loc_data: 1
 0) 8D85[0.62,0.78,-0.04,85,x04]

[000111.790 INF] loc_data: 1
 0) 8D85[0.64,0.75,-0.12,70,x04]

[000111.890 INF] loc_data: 1
 0) 8D85[0.63,0.75,-0.02,78,x04]

[000111.990 INF] loc_data: 1
 0) 8D85[0.60,0.80,0.08,60,x04]

[000112.090 INF] loc_data: 1
 0) 8D85[0.58,0.81,0.15,62,x04]

[000112.190 INF] loc_data: 1
 0) 8D85[0.59,0.79,0.18,84,x04]

[000112.290 INF] loc_data: 1
 0) 8D85[0.59,0.80,0.14,95,x04]

[000112.390 INF] loc_data: 1
 0) 8D85[0.60,0.77,0.04,83,x04]

[000112.490 INF] loc_data: 1
 0) 8D85[0.61,0.78,-0.00,93,x04]

[000112.590 INF] loc_data: 1
 0) 8D85[0.61,0.80,0.10,63,x04]

[000112.690 INF] loc_data: 1
 0) 8D85[0.59,0.81,0.18,57,x04]

[000112.790 INF] loc_data: 1
 0) 8D85[0.61,0.79,0.08,86,x04]

[000112.890 INF] loc_data: 1
 0) 8D85[0.61,0.79,0.10,88,x04]

[000112.990 INF] loc_data: 1
 0) 8D85[0.62,0.79,0.04,93,x04]

[000113.090 INF] loc_data: 1
 0) 8D85[0.61,0.81,0.14,60,x04]

[000113.190 INF] loc_data: 1
 0) 8D85[0.59,0.83,0.19,60,x04]

[000113.290 INF] loc_data: 1
 0) 8D85[0.56,0.84,0.24,60,x04]

[000113.390 INF] loc_data: 1
 0) 8D85[0.56,0.84,0.22,83,x04]

[000113.500 INF] loc_data: 1
 0) 8D85[0.56,0.86,0.27,60,x04]

[000113.600 INF] loc_data: 1
 0) 8D85[0.54,0.87,0.30,51,x04]

[000113.700 INF] loc_data: 1
 0) 8D85[0.58,0.83,0.12,63,x04]

[000113.800 INF] loc_data: 1
 0) 8D85[0.55,0.84,0.16,70,x04]

[000113.900 INF] loc_data: 1
 0) 8D85[0.54,0.86,0.22,55,x04]

[000114.000 INF] loc_data: 1
 0) 8D85[0.55,0.86,0.25,66,x04]

[000114.100 INF] loc_data: 1
 0) 8D85[0.52,0.87,0.28,58,x04]

[000114.200 INF] loc_data: 1
 0) 8D85[0.57,0.83,0.10,64,x04]

[000114.300 INF] loc_data: 1
 0) 8D85[0.54,0.85,0.16,57,x04]

[000114.400 INF] loc_data: 1
 0) 8D85[0.56,0.84,0.14,95,x04]

[000114.500 INF] loc_data: 1
 0) 8D85[0.56,0.84,0.21,61,x04]

[000114.600 INF] loc_data: 1
 0) 8D85[0.55,0.85,0.21,78,x04]

[000114.700 INF] loc_data: 1
 0) 8D85[0.61,0.81,0.05,64,x04]

[000114.800 INF] loc_data: 1
 0) 8D85[0.60,0.80,0.10,84,x04]

[000114.900 INF] loc_data: 1
 0) 8D85[0.59,0.81,0.17,62,x04]

[000115.000 INF] loc_data: 1
 0) 8D85[0.60,0.79,0.11,96,x04]

[000115.100 INF] loc_data: 1
 0) 8D85[0.56,0.82,0.18,50,x04]

[000115.200 INF] loc_data: 1
 0) 8D85[0.58,0.81,0.21,82,x04]

[000115.300 INF] loc_data: 1
 0) 8D85[0.56,0.83,0.25,60,x04]

[000115.400 INF] loc_data: 1
 0) 8D85[0.56,0.84,0.21,88,x04]

[000115.500 INF] loc_data: 1
 0) 8D85[0.58,0.82,0.05,63,x04]

[000115.600 INF] loc_data: 1
 0) 8D85[0.58,0.82,0.07,89,x04]

[000115.700 INF] loc_data: 1
 0) 8D85[0.58,0.82,0.11,83,x04]

[000115.800 INF] loc_data: 1
 0) 8D85[0.57,0.83,0.18,62,x04]

[000115.900 INF] loc_data: 1
 0) 8D85[0.56,0.84,0.24,56,x04]

[000116.000 INF] loc_data: 1
 0) 8D85[0.56,0.83,0.28,65,x04]

[000116.100 INF] loc_data: 1
 0) 8D85[0.60,0.78,0.10,66,x04]

[000116.200 INF] loc_data: 1
 0) 8D85[0.62,0.77,0.01,84,x04]

[000116.300 INF] loc_data: 1
 0) 8D85[0.64,0.76,-0.05,88,x04]

[000116.400 INF] loc_data: 1
 0) 8D85[0.65,0.75,-0.10,82,x04]

[000116.500 INF] loc_data: 1
 0) 8D85[0.63,0.75,-0.01,83,x04]

[000116.600 INF] loc_data: 1
 0) 8D85[0.63,0.77,0.05,83,x04]

[000116.700 INF] loc_data: 1
 0) 8D85[0.62,0.78,0.12,76,x04]

[000116.800 INF] loc_data: 1
 0) 8D85[0.63,0.76,0.01,82,x04]

[000116.900 INF] loc_data: 1
 0) 8D85[0.64,0.75,-0.04,91,x04]

[000117.000 INF] loc_data: 1
 0) 8D85[0.65,0.74,-0.13,65,x04]

[000117.100 INF] loc_data: 1
 0) 8D85[0.64,0.75,-0.05,86,x04]

[000117.200 INF] loc_data: 1
 0) 8D85[0.65,0.75,-0.09,90,x04]

[000117.300 INF] loc_data: 1
 0) 8D85[0.64,0.75,-0.13,85,x04]

[000117.400 INF] loc_data: 1
 0) 8D85[0.64,0.75,-0.16,85,x04]

[000117.500 INF] loc_data: 1
 0) 8D85[0.66,0.74,-0.16,92,x04]

[000117.600 INF] loc_data: 1
 0) 8D85[0.65,0.77,-0.23,57,x04]

[000117.700 INF] loc_data: 1
 0) 8D85[0.62,0.81,-0.07,57,x04]

[000117.800 INF] loc_data: 1
 0) 8D85[0.63,0.79,-0.16,66,x04]

[000117.900 INF] loc_data: 1
 0) 8D85[0.65,0.77,-0.18,85,x04]

[000118.000 INF] loc_data: 1
 0) 8D85[0.64,0.76,-0.24,64,x04]

[000118.100 INF] loc_data: 1
 0) 8D85[0.64,0.75,-0.24,87,x04]

[000118.200 INF] loc_data: 1
 0) 8D85[0.61,0.78,-0.09,61,x04]

[000118.300 INF] loc_data: 1
 0) 8D85[0.59,0.82,0.03,57,x04]

[000118.410 INF] loc_data: 1
 0) 8D85[0.60,0.80,-0.03,88,x04]

[000118.510 INF] loc_data: 1
 0) 8D85[0.60,0.79,-0.02,96,x04]

[000118.610 INF] loc_data: 1
 0) 8D85[0.62,0.78,-0.06,91,x04]

[000118.710 INF] loc_data: 1
 0) 8D85[0.61,0.79,-0.01,89,x04]

[000118.810 INF] loc_data: 1
 0) 8D85[0.63,0.79,-0.06,86,x04]

[000118.910 INF] loc_data: 1
 0) 8D85[0.62,0.81,0.05,62,x04]

[000119.010 INF] loc_data: 1
 0) 8D85[0.63,0.78,-0.03,82,x04]

[000119.110 INF] loc_data: 1
 0) 8D85[0.66,0.76,-0.08,89,x04]

[000119.210 INF] loc_data: 1
 0) 8D85[0.62,0.79,0.05,55,x04]

[000119.310 INF] loc_data: 1
 0) 8D85[0.62,0.79,-0.02,86,x04]

[000119.410 INF] loc_data: 1
 0) 8D85[0.60,0.82,0.08,60,x04]

[000119.510 INF] loc_data: 1
 0) 8D85[0.61,0.80,0.10,92,x04]

[000119.610 INF] loc_data: 1
 0) 8D85[0.60,0.82,0.17,61,x04]

[000119.710 INF] loc_data: 1
 0) 8D85[0.56,0.85,0.21,61,x04]

[000119.810 INF] loc_data: 1
 0) 8D85[0.60,0.81,0.05,64,x04]

[000119.910 INF] loc_data: 1
 0) 8D85[0.61,0.80,-0.02,88,x04]

[000120.010 INF] loc_data: 1
 0) 8D85[0.63,0.78,-0.07,87,x04]

[000120.110 INF] loc_data: 1
 0) 8D85[0.64,0.77,-0.16,62,x04]

[000120.210 INF] loc_data: 1
 0) 8D85[0.61,0.82,-0.04,62,x04]

[000120.310 INF] loc_data: 1
 0) 8D85[0.59,0.83,0.08,58,x04]

[000120.410 INF] loc_data: 1
 0) 8D85[0.59,0.82,0.09,91,x04]

[000120.510 INF] loc_data: 1
 0) 8D85[0.59,0.82,0.17,60,x04]

[000120.610 INF] loc_data: 1
 0) 8D85[0.60,0.80,0.06,82,x04]

[000120.710 INF] loc_data: 1
 0) 8D85[0.59,0.82,0.16,57,x04]

[000120.810 INF] loc_data: 1
 0) 8D85[0.59,0.81,0.16,88,x04]

[000120.910 INF] loc_data: 1
 0) 8D85[0.58,0.83,0.22,58,x04]

[000121.010 INF] loc_data: 1
 0) 8D85[0.58,0.82,0.20,89,x04]

[000121.110 INF] loc_data: 1
 0) 8D85[0.60,0.80,0.09,85,x04]

[000121.210 INF] loc_data: 1
 0) 8D85[0.58,0.84,0.15,61,x04]

[000121.310 INF] loc_data: 1
 0) 8D85[0.59,0.81,0.06,86,x04]

[000121.410 INF] loc_data: 1
 0) 8D85[0.58,0.83,0.09,78,x04]

[000121.510 INF] loc_data: 1
 0) 8D85[0.57,0.84,0.16,66,x04]

[000121.610 INF] loc_data: 1
 0) 8D85[0.56,0.85,0.14,86,x04]

[000121.710 INF] loc_data: 1
 0) 8D85[0.60,0.80,0.00,70,x04]

[000121.810 INF] loc_data: 1
 0) 8D85[0.58,0.82,0.10,63,x04]

[000121.910 INF] loc_data: 1
 0) 8D85[0.57,0.83,0.18,56,x04]

[000122.010 INF] loc_data: 1
 0) 8D85[0.55,0.84,0.23,60,x04]

[000122.110 INF] loc_data: 1
 0) 8D85[0.57,0.82,0.11,85,x04]

[000122.210 INF] loc_data: 1
 0) 8D85[0.59,0.79,0.02,87,x04]

[000122.310 INF] loc_data: 1
 0) 8D85[0.57,0.82,0.11,57,x04]

[000122.410 INF] loc_data: 1
 0) 8D85[0.58,0.81,0.03,85,x04]

[000122.510 INF] loc_data: 1
 0) 8D85[0.60,0.79,-0.03,89,x04]

[000122.610 INF] loc_data: 1
 0) 8D85[0.62,0.78,-0.05,97,x04]

[000122.710 INF] loc_data: 1
 0) 8D85[0.63,0.77,-0.10,81,x04]

[000122.810 INF] loc_data: 1
 0) 8D85[0.61,0.79,0.02,61,x04]

[000122.910 INF] loc_data: 1
 0) 8D85[0.64,0.78,-0.03,90,x04]

[000123.010 INF] loc_data: 1
 0) 8D85[0.65,0.75,-0.13,69,x04]

[000123.110 INF] loc_data: 1
 0) 8D85[0.63,0.78,0.01,60,x04]

[000123.210 INF] loc_data: 1
 0) 8D85[0.63,0.78,0.08,78,x04]

[000123.310 INF] loc_data: 1
 0) 8D85[0.63,0.78,0.03,93,x04]

[000123.420 INF] loc_data: 1
 0) 8D85[0.61,0.79,0.13,58,x04]

[000123.520 INF] loc_data: 1
 0) 8D85[0.59,0.81,0.19,59,x04]

[000123.620 INF] loc_data: 1
 0) 8D85[0.56,0.84,0.24,56,x04]

[000123.720 INF] loc_data: 1
 0) 8D85[0.58,0.83,0.07,62,x04]

[000123.820 INF] loc_data: 1
 0) 8D85[0.58,0.84,0.08,87,x04]

[000123.920 INF] loc_data: 1
 0) 8D85[0.56,0.86,0.16,58,x04]

[000124.020 INF] loc_data: 1
 0) 8D85[0.54,0.86,0.22,57,x04]

[000124.120 INF] loc_data: 1
 0) 8D85[0.53,0.88,0.24,60,x04]

[000124.220 INF] loc_data: 1
 0) 8D85[0.56,0.82,0.07,63,x04]

[000124.320 INF] loc_data: 1
 0) 8D85[0.59,0.78,-0.05,65,x04]

[000124.420 INF] loc_data: 1
 0) 8D85[0.59,0.78,0.01,87,x04]

[000124.520 INF] loc_data: 1
 0) 8D85[0.59,0.80,0.11,60,x04]

[000124.620 INF] loc_data: 1
 0) 8D85[0.58,0.81,0.18,62,x04]

[000124.720 INF] loc_data: 1
 0) 8D85[0.61,0.79,0.07,83,x04]

[000124.820 INF] loc_data: 1
 0) 8D85[0.59,0.80,0.16,57,x04]

[000124.920 INF] loc_data: 1
 0) 8D85[0.61,0.78,0.08,94,x04]

[000125.020 INF] loc_data: 1
 0) 8D85[0.59,0.81,0.16,56,x04]

[000125.120 INF] loc_data: 1
 0) 8D85[0.60,0.80,0.16,91,x04]

[000125.220 INF] loc_data: 1
 0) 8D85[0.61,0.79,0.07,89,x04]

[000125.320 INF] loc_data: 1
 0) 8D85[0.59,0.82,0.16,57,x04]

[000125.420 INF] loc_data: 1
 0) 8D85[0.57,0.83,0.21,61,x04]

[000125.520 INF] loc_data: 1
 0) 8D85[0.54,0.85,0.25,55,x04]

[000125.620 INF] loc_data: 1
 0) 8D85[0.55,0.84,0.25,83,x04]

[000125.720 INF] loc_data: 1
 0) 8D85[0.55,0.83,0.22,90,x04]

[000125.820 INF] loc_data: 1
 0) 8D85[0.58,0.81,0.10,85,x04]

[000125.920 INF] loc_data: 1
 0) 8D85[0.57,0.83,0.17,60,x04]

[000126.020 INF] loc_data: 1
 0) 8D85[0.55,0.84,0.22,60,x04]

[000126.120 INF] loc_data: 1
 0) 8D85[0.55,0.85,0.27,61,x04]

[000126.220 INF] loc_data: 1
 0) 8D85[0.58,0.82,0.13,83,x04]

[000126.320 INF] loc_data: 1
 0) 8D85[0.60,0.80,0.03,83,x04]

[000126.420 INF] loc_data: 1
 0) 8D85[0.62,0.77,-0.02,92,x04]

[000126.520 INF] loc_data: 1
 0) 8D85[0.62,0.78,0.02,89,x04]

[000126.620 INF] loc_data: 1
 0) 8D85[0.62,0.78,0.07,86,x04]

[000126.720 INF] loc_data: 1
 0) 8D85[0.65,0.76,-0.05,63,x04]

[000126.820 INF] loc_data: 1
 0) 8D85[0.62,0.78,0.05,63,x04]

[000126.920 INF] loc_data: 1
 0) 8D85[0.63,0.76,-0.07,64,x04]

[000127.020 INF] loc_data: 1
 0) 8D85[0.62,0.77,0.05,64,x04]

[000127.120 INF] loc_data: 1
 0) 8D85[0.62,0.77,-0.01,89,x04]

[000127.220 INF] loc_data: 1
 0) 8D85[0.61,0.78,0.10,59,x04]

[000127.320 INF] loc_data: 1
 0) 8D85[0.59,0.82,0.17,60,x04]

[000127.420 INF] loc_data: 1
 0) 8D85[0.60,0.81,0.18,87,x04]

[000127.520 INF] loc_data: 1
 0) 8D85[0.61,0.80,0.03,64,x04]

[000127.620 INF] loc_data: 1
 0) 8D85[0.61,0.80,0.06,90,x04]

[000127.720 INF] loc_data: 1
 0) 8D85[0.62,0.78,0.00,92,x04]

[000127.820 INF] loc_data: 1
 0) 8D85[0.60,0.81,0.10,57,x04]

[000127.920 INF] loc_data: 1
 0) 8D85[0.59,0.82,0.14,78,x04]

[000128.020 INF] loc_data: 1
 0) 8D85[0.62,0.80,0.00,65,x04]

[000128.120 INF] loc_data: 1
 0) 8D85[0.63,0.79,-0.05,88,x04]

[000128.220 INF] loc_data: 1
 0) 8D85[0.62,0.78,-0.12,78,x04]

[000128.320 INF] loc_data: 1
 0) 8D85[0.60,0.79,-0.07,91,x04]

[000128.430 INF] loc_data: 1
 0) 8D85[0.61,0.78,-0.11,87,x04]

[000128.530 INF] loc_data: 1
 0) 8D85[0.59,0.80,0.03,55,x04]

[000128.630 INF] loc_data: 1
 0) 8D85[0.59,0.81,0.13,58,x04]

[000128.730 INF] loc_data: 1
 0) 8D85[0.58,0.81,0.15,84,x04]

[000128.830 INF] loc_data: 1
 0) 8D85[0.57,0.83,0.20,64,x04]

[000128.930 INF] loc_data: 1
 0) 8D85[0.60,0.80,0.04,63,x04]

[000129.030 INF] loc_data: 1
 0) 8D85[0.58,0.82,0.12,62,x04]

[000129.130 INF] loc_data: 1
 0) 8D85[0.59,0.80,0.06,94,x04]

[000129.230 INF] loc_data: 1
 0) 8D85[0.57,0.82,0.15,55,x04]

[000129.330 INF] loc_data: 1
 0) 8D85[0.60,0.80,0.02,71,x04]

[000129.430 INF] loc_data: 1
 0) 8D85[0.59,0.82,0.12,60,x04]

[000129.530 INF] loc_data: 1
 0) 8D85[0.59,0.81,0.18,65,x04]

[000129.630 INF] loc_data: 1
 0) 8D85[0.58,0.83,0.24,62,x04]

[000129.730 INF] loc_data: 1
 0) 8D85[0.56,0.85,0.26,61,x04]

[000129.830 INF] loc_data: 1
 0) 8D85[0.56,0.85,0.30,58,x04]

[000129.930 INF] loc_data: 1
 0) 8D85[0.58,0.83,0.28,88,x04]

[000130.030 INF] loc_data: 1
 0) 8D85[0.58,0.81,0.28,83,x04]

[000130.130 INF] loc_data: 1
 0) 8D85[0.57,0.82,0.32,56,x04]

[000130.230 INF] loc_data: 1
 0) 8D85[0.56,0.84,0.34,59,x04]

[000130.330 INF] loc_data: 1
 0) 8D85[0.56,0.85,0.28,85,x04]

[000130.430 INF] loc_data: 1
 0) 8D85[0.58,0.82,0.16,87,x04]

[000130.530 INF] loc_data: 1
 0) 8D85[0.60,0.80,0.06,88,x04]

[000130.630 INF] loc_data: 1
 0) 8D85[0.60,0.81,0.13,71,x04]

[000130.730 INF] loc_data: 1
 0) 8D85[0.58,0.83,0.20,58,x04]

[000130.830 INF] loc_data: 1
 0) 8D85[0.59,0.81,0.19,92,x04]

[000130.930 INF] loc_data: 1
 0) 8D85[0.58,0.81,0.25,61,x04]

[000131.030 INF] loc_data: 1
 0) 8D85[0.58,0.82,0.29,59,x04]

[000131.130 INF] loc_data: 1
 0) 8D85[0.58,0.82,0.26,88,x04]

[000131.230 INF] loc_data: 1
 0) 8D85[0.60,0.80,0.15,90,x04]

[000131.330 INF] loc_data: 1
 0) 8D85[0.62,0.79,0.04,81,x04]

[000131.430 INF] loc_data: 1
 0) 8D85[0.62,0.78,0.08,89,x04]

[000131.530 INF] loc_data: 1
 0) 8D85[0.59,0.82,0.14,61,x04]

[000131.630 INF] loc_data: 1
 0) 8D85[0.60,0.82,0.15,89,x04]

[000131.730 INF] loc_data: 1
 0) 8D85[0.62,0.80,0.04,82,x04]

[000131.830 INF] loc_data: 1
 0) 8D85[0.59,0.83,0.13,59,x04]

[000131.930 INF] loc_data: 1
 0) 8D85[0.61,0.80,0.04,87,x04]

[000132.030 INF] loc_data: 1
 0) 8D85[0.61,0.81,0.13,61,x04]

[000132.130 INF] loc_data: 1
 0) 8D85[0.63,0.78,0.06,94,x04]

[000132.230 INF] loc_data: 1
 0) 8D85[0.62,0.78,-0.02,82,x04]

[000132.330 INF] loc_data: 1
 0) 8D85[0.60,0.79,0.03,83,x04]

[000132.430 INF] loc_data: 1
 0) 8D85[0.61,0.78,-0.02,93,x04]

[000132.530 INF] loc_data: 1
 0) 8D85[0.62,0.78,-0.06,91,x04]

[000132.630 INF] loc_data: 1
 0) 8D85[0.62,0.78,0.01,87,x04]

[000132.730 INF] loc_data: 1
 0) 8D85[0.62,0.78,-0.06,82,x04]

[000132.830 INF] loc_data: 1
 0) 8D85[0.61,0.79,0.06,60,x04]

[000132.930 INF] loc_data: 1
 0) 8D85[0.59,0.81,0.15,56,x04]

[000133.030 INF] loc_data: 1
 0) 8D85[0.61,0.79,0.05,85,x04]

[000133.130 INF] loc_data: 1
 0) 8D85[0.61,0.79,0.14,64,x04]

[000133.230 INF] loc_data: 1
 0) 8D85[0.62,0.78,0.04,85,x04]

[000133.330 INF] loc_data: 1
 0) 8D85[0.60,0.82,0.13,58,x04]

[000133.430 INF] loc_data: 1
 0) 8D85[0.63,0.80,0.05,89,x04]

[000133.540 INF] loc_data: 1
 0) 8D85[0.62,0.80,0.09,83,x04]

[000133.640 INF] loc_data: 1
 0) 8D85[0.63,0.80,0.01,84,x04]

[000133.740 INF] loc_data: 1
 0) 8D85[0.60,0.83,0.09,62,x04]

[000133.840 INF] loc_data: 1
 0) 8D85[0.61,0.80,-0.01,79,x04]

[000133.940 INF] loc_data: 1
 0) 8D85[0.63,0.78,-0.07,86,x04]

[000134.040 INF] loc_data: 1
 0) 8D85[0.65,0.77,-0.16,64,x04]

[000134.140 INF] loc_data: 1
 0) 8D85[0.62,0.79,-0.02,63,x04]

[000134.240 INF] loc_data: 1
 0) 8D85[0.63,0.77,-0.07,89,x04]

[000134.340 INF] loc_data: 1
 0) 8D85[0.62,0.77,-0.00,87,x04]

[000134.440 INF] loc_data: 1
 0) 8D85[0.61,0.78,-0.10,66,x04]

[000134.540 INF] loc_data: 1
 0) 8D85[0.62,0.78,-0.13,89,x04]

[000134.640 INF] loc_data: 1
 0) 8D85[0.61,0.80,0.01,58,x04]

[000134.740 INF] loc_data: 1
 0) 8D85[0.58,0.84,0.11,49,x04]

[000134.840 INF] loc_data: 1
 0) 8D85[0.58,0.84,0.08,92,x04]

[000134.940 INF] loc_data: 1
 0) 8D85[0.59,0.84,0.15,68,x04]

[000135.040 INF] loc_data: 1
 0) 8D85[0.59,0.83,0.16,89,x04]

[000135.140 INF] loc_data: 1
 0) 8D85[0.61,0.80,0.02,69,x04]

[000135.240 INF] loc_data: 1
 0) 8D85[0.62,0.81,-0.05,82,x04]

[000135.340 INF] loc_data: 1
 0) 8D85[0.60,0.83,0.07,56,x04]

[000135.440 INF] loc_data: 1
 0) 8D85[0.59,0.84,0.15,60,x04]

[000135.540 INF] loc_data: 1
 0) 8D85[0.60,0.82,0.05,83,x04]

[000135.640 INF] loc_data: 1
 0) 8D85[0.58,0.83,0.15,54,x04]

[000135.740 INF] loc_data: 1
 0) 8D85[0.61,0.81,0.00,65,x04]

[000135.840 INF] loc_data: 1
 0) 8D85[0.58,0.82,0.09,62,x04]

[000135.940 INF] loc_data: 1
 0) 8D85[0.59,0.81,0.00,80,x04]

[000136.040 INF] loc_data: 1
 0) 8D85[0.60,0.81,-0.00,97,x04]

[000136.140 INF] loc_data: 1
 0) 8D85[0.58,0.83,0.09,60,x04]

[000136.240 INF] loc_data: 1
 0) 8D85[0.56,0.84,0.17,56,x04]

[000136.340 INF] loc_data: 1
 0) 8D85[0.56,0.86,0.24,55,x04]

[000136.440 INF] loc_data: 1
 0) 8D85[0.56,0.86,0.28,59,x04]

[000136.540 INF] loc_data: 1
 0) 8D85[0.56,0.87,0.31,56,x04]

[000136.640 INF] loc_data: 1
 0) 8D85[0.58,0.83,0.16,82,x04]

[000136.740 INF] loc_data: 1
 0) 8D85[0.57,0.83,0.22,67,x04]

[000136.840 INF] loc_data: 1
 0) 8D85[0.57,0.84,0.27,57,x04]

[000136.940 INF] loc_data: 1
 0) 8D85[0.60,0.81,0.10,64,x04]

[000137.040 INF] loc_data: 1
 0) 8D85[0.62,0.79,0.02,91,x04]

[000137.140 INF] loc_data: 1
 0) 8D85[0.63,0.78,-0.04,89,x04]

[000137.240 INF] loc_data: 1
 0) 8D85[0.64,0.76,-0.09,84,x04]

[000137.340 INF] loc_data: 1
 0) 8D85[0.61,0.79,0.03,57,x04]

[000137.440 INF] loc_data: 1
 0) 8D85[0.60,0.82,0.11,66,x04]

[000137.540 INF] loc_data: 1
 0) 8D85[0.63,0.79,-0.03,63,x04]

[000137.640 INF] loc_data: 1
 0) 8D85[0.62,0.79,0.03,86,x04]

[000137.740 INF] loc_data: 1
 0) 8D85[0.61,0.81,0.12,63,x04]

[000137.840 INF] loc_data: 1
 0) 8D85[0.62,0.80,0.18,73,x04]

[000137.940 INF] loc_data: 1
 0) 8D85[0.62,0.80,0.15,95,x04]

[000138.040 INF] loc_data: 1
 0) 8D85[0.61,0.81,0.16,86,x04]

[000138.140 INF] loc_data: 1
 0) 8D85[0.63,0.78,0.07,91,x04]

[000138.240 INF] loc_data: 1
 0) 8D85[0.61,0.81,0.10,79,x04]

[000138.340 INF] loc_data: 1
 0) 8D85[0.61,0.81,0.04,92,x04]

[000138.450 INF] loc_data: 1
 0) 8D85[0.59,0.83,0.12,61,x04]

[000138.550 INF] loc_data: 1
 0) 8D85[0.61,0.81,0.16,81,x04]

[000138.650 INF] loc_data: 1
 0) 8D85[0.60,0.81,0.21,73,x04]

[000138.750 INF] loc_data: 1
 0) 8D85[0.61,0.81,0.22,81,x04]

[000138.850 INF] loc_data: 1
 0) 8D85[0.64,0.77,0.07,69,x04]

[000138.950 INF] loc_data: 1
 0) 8D85[0.63,0.77,0.09,90,x04]

[000139.050 INF] loc_data: 1
 0) 8D85[0.64,0.76,0.03,91,x04]

[000139.150 INF] loc_data: 1
 0) 8D85[0.62,0.80,0.12,61,x04]

[000139.250 INF] loc_data: 1
 0) 8D85[0.63,0.78,0.03,86,x04]

[000139.350 INF] loc_data: 1
 0) 8D85[0.61,0.80,0.13,56,x04]

[000139.450 INF] loc_data: 1
 0) 8D85[0.61,0.80,0.17,79,x04]

[000139.550 INF] loc_data: 1
 0) 8D85[0.62,0.80,0.16,93,x04]

[000139.650 INF] loc_data: 1
 0) 8D85[0.60,0.81,0.22,58,x04]

[000139.750 INF] loc_data: 1
 0) 8D85[0.59,0.81,0.19,91,x04]

[000139.850 INF] loc_data: 1
 0) 8D85[0.61,0.80,0.07,81,x04]

[000139.950 INF] loc_data: 1
 0) 8D85[0.62,0.78,-0.01,85,x04]

[000140.050 INF] loc_data: 1
 0) 8D85[0.61,0.79,0.10,59,x04]

[000140.150 INF] loc_data: 1
 0) 8D85[0.59,0.81,0.10,86,x04]

[000140.250 INF] loc_data: 1
 0) 8D85[0.61,0.80,-0.03,63,x04]

[000140.350 INF] loc_data: 1
 0) 8D85[0.60,0.81,0.08,58,x04]

[000140.450 INF] loc_data: 1
 0) 8D85[0.59,0.81,0.14,78,x04]

[000140.550 INF] loc_data: 1
 0) 8D85[0.60,0.80,0.18,79,x04]

[000140.650 INF] loc_data: 1
 0) 8D85[0.59,0.82,0.24,57,x04]

[000140.750 INF] loc_data: 1
 0) 8D85[0.58,0.83,0.28,59,x04]

[000140.850 INF] loc_data: 1
 0) 8D85[0.60,0.82,0.27,86,x04]

[000140.950 INF] loc_data: 1
 0) 8D85[0.58,0.82,0.30,59,x04]

[000141.050 INF] loc_data: 1
 0) 8D85[0.57,0.82,0.33,62,x04]

[000141.150 INF] loc_data: 1
 0) 8D85[0.57,0.83,0.34,63,x04]

[000141.250 INF] loc_data: 1
 0) 8D85[0.60,0.80,0.15,63,x04]

[000141.350 INF] loc_data: 1
 0) 8D85[0.62,0.78,0.06,90,x04]

[000141.450 INF] loc_data: 1
 0) 8D85[0.61,0.80,0.15,59,x04]

[000141.550 INF] loc_data: 1
 0) 8D85[0.59,0.81,0.21,61,x04]

[000141.650 INF] loc_data: 1
 0) 8D85[0.59,0.80,0.22,84,x04]

[000141.750 INF] loc_data: 1
 0) 8D85[0.58,0.83,0.27,57,x04]

[000141.850 INF] loc_data: 1
 0) 8D85[0.60,0.80,0.16,92,x04]

[000141.950 INF] loc_data: 1
 0) 8D85[0.62,0.78,0.06,89,x04]

[000142.050 INF] loc_data: 1
 0) 8D85[0.63,0.76,-0.05,70,x04]

[000142.150 INF] loc_data: 1
 0) 8D85[0.61,0.79,0.07,58,x04]

[000142.250 INF] loc_data: 1
 0) 8D85[0.63,0.77,-0.05,68,x04]

[000142.350 INF] loc_data: 1
 0) 8D85[0.60,0.80,0.06,61,x04]

[000142.450 INF] loc_data: 1
 0) 8D85[0.59,0.82,0.14,58,x04]

[000142.550 INF] loc_data: 1
 0) 8D85[0.60,0.81,0.04,80,x04]

[000142.650 INF] loc_data: 1
 0) 8D85[0.61,0.80,0.04,97,x04]

[000142.750 INF] loc_data: 1
 0) 8D85[0.58,0.84,0.12,57,x04]

[000142.850 INF] loc_data: 1
 0) 8D85[0.62,0.80,-0.01,68,x04]

[000142.950 INF] loc_data: 1
 0) 8D85[0.61,0.81,0.04,82,x04]

[000143.050 INF] loc_data: 1
 0) 8D85[0.60,0.83,0.14,57,x04]

[000143.150 INF] loc_data: 1
 0) 8D85[0.61,0.82,0.16,87,x04]

[000143.250 INF] loc_data: 1
 0) 8D85[0.61,0.79,0.07,90,x04]

[000143.350 INF] loc_data: 1
 0) 8D85[0.63,0.78,0.00,91,x04]

[000143.460 INF] loc_data: 1
 0) 8D85[0.62,0.78,0.07,81,x04]


